0 N1 0.2377358 0.8450376 -0.06243013
1 C6 0.1764117 0.8559754 -0.03413756
2 H6 0.1717089 0.8597882 0.01538615
3 C5 0.1214579 0.8617909 -0.07645793
4 H5 0.07575396 0.8696617 -0.05765769
5 C4 0.1314328 0.8557937 -0.1452022
6 N4 0.0776288 0.8615113 -0.1864416
7 H41 0.03192478 0.8693821 -0.1676415
8 H42 0.08372383 0.8574777 -0.2360786
9 N3 0.1925339 0.8464762 -0.1705664
10 C2 0.2458963 0.8404858 -0.1298073
11 O2 0.3026147 0.8311719 -0.1516656

# Format: Order (single/double), from atom index, to atom index
BONDS
1,0,1
1,1,2
2,1,3
1,3,4
1,3,5
1,5,6
1,6,7
1,6,8
2,5,9
1,9,10
2,10,11
1,0,10