0 N9 0.01346385 0.03409238 -0.5850467
1 C8 0.07304055 0.03971339 -0.6185359
2 H8 0.07699099 0.04486588 -0.6682963
3 N7 0.1260391 0.03794528 -0.5772378
4 C5 0.09852032 0.03016224 -0.516292
5 C6 0.127214 0.02358694 -0.4509645
6 N6 0.194502 0.023544 -0.4404371
7 H61 0.2258764 0.02849501 -0.4793747
8 H62 0.2123401 0.01940446 -0.3941023
9 N1 0.08586654 0.01723839 -0.3994637
10 C2 0.02015033 0.01595868 -0.4101641
11 H2 -0.00822839 0.01070112 -0.3691212
12 N3 -0.01284086 0.02071422 -0.4673848
13 C4 0.03032815 0.02737529 -0.5191758

# Format: Order (single/double), from atom index, to atom index
BONDS
1,0,1
1,1,2
2,1,3
1,3,4
1,4,5
2,4,13
1,5,6
1,6,7
1,6,8
2,5,9
1,9,10
1,10,11
2,10,12
1,12,13
1,0,13