0 N1 -0.06270358 0.3365984 -0.2834612
1 C6 -0.08019151 0.3499393 -0.3478366
2 H6 -0.1282135 0.3528115 -0.3610229
3 C5 -0.03053149 0.3592577 -0.3956519
4 C7 -0.04987055 0.3733307 -0.4665494
5 H71 -0.008482786 0.379082 -0.4943248
6 H72 -0.07674748 0.335195 -0.4842074
7 H73 -0.07713088 0.4152746 -0.4684399
8 C4 0.03675234 0.3546516 -0.3762827
9 O4 0.08404801 0.3624001 -0.414787
10 N3 0.05077172 0.3416023 -0.3109668
11 H3 0.09880599 0.3384696 -0.2971231
12 C2 0.002404585 0.3318652 -0.264102
13 O2 0.0166661 0.3171984 -0.2058977

# Format: Order (single/double), from atom index, to atom index
BONDS
1,0,1
1,1,2
2,1,3
1,3,4
1,4,5
1,4,6
1,4,7
1,3,8
2,8,9
1,8,10
1,10,11
1,10,12
2,12,13
1,0,12