0 C5' 0.19196 1.94919 0.05813
1 1H5' 0.19383 1.98835 0.02729
2 2H5' 0.19629 1.96484 0.10542
3 C4' 0.12943 1.90879 0.04782
4 H4' 0.09299 1.93212 0.07283
5 O4' 0.11731 1.90718 -0.02278
6 C1' 0.09345 1.84272 -0.04121
7 H1' 0.04428 1.83531 -0.03817
8 C3' 0.13207 1.83630 0.07234
9 H3' 0.16874 1.82375 0.10394
10 C2' 0.13374 1.79792 0.00562
11 1H2' 0.18088 1.79243 -0.01068
12 2H2' 0.11257 1.75301 0.01036

# Format: Order (single/double), from atom index, to atom index
BONDS
1,0,1
1,0,2
1,0,3
1,3,4
1,3,5
1,5,6
1,6,7
1,3,8
1,8,9
1,8,10
1,10,11
1,10,12
1,6,10
