0 C5' 0.3310476 0.238815 0.06340425
1 1H5' 0.3360851 0.2871532 0.05317953
2 2H5' 0.3391984 0.2311423 0.112322
3 C4' 0.2646139 0.2132299 0.04270472
4 H4' 0.230399 0.2425911 0.06372282
5 O4' 0.2655313 0.2149862 -0.02888489
6 C1' 0.2212537 0.1642446 -0.05045548
7 H1' 0.1720778 0.1737174 -0.04655094
8 C3' 0.248874 0.1409441 0.06075358
9 H3' 0.2805013 0.11832 0.09190026
10 C2' 0.2450924 0.1068134 -0.007474281
11 1H2' 0.2901251 0.09045577 -0.02239853
12 2H2' 0.2121404 0.06901683 -0.007769158

# Format: Order (single/double), from atom index, to atom index
BONDS
1,0,1
1,0,2
1,0,3
1,3,4
1,3,5
1,5,6
1,6,7
1,3,8
1,8,9
1,8,10
1,10,11
1,10,12
1,6,10