0 C5' 0.05927651 0.100843 0.04647295
1 1H5' 0.0799881 0.1445488 0.03488266
2 2H5' 0.02853711 0.106655 0.08548014
3 C4' 0.02289338 0.07131427 -0.01210024
4 H4' -0.01524572 0.1015571 -0.02337111
5 O4' 0.06906325 0.06607942 -0.06561839
6 C1' 0.03917004 0.02077396 -0.1107854
7 H1' 0.0006012769 0.03792311 -0.1371267
8 C3' 0 0 0
9 H3' 0.01863416 -0.02319418 0.04029017
10 C2' 0.01830823 -0.03682439 -0.0651404
11 1H2' 0.05630402 -0.06824155 -0.05775555
12 2H2' -0.0205007 -0.0614286 -0.08368094

# Format: Order (single/double), from atom index, to atom index
BONDS
1,0,1
1,0,2
1,0,3
1,3,4
1,3,5
1,5,6
1,6,7
1,3,8
1,8,9
1,8,10
1,10,11
1,10,12
1,6,10