0 C5' -0.2639619 0.235204 -0.2818784
1 1H5' -0.2486971 0.191757 -0.3009007
2 2H5' -0.308656 0.2294263 -0.2593771
3 C4' -0.2140592 0.2622575 -0.2332848
4 H4' -0.2119598 0.2292819 -0.1961844
5 O4' -0.1512566 0.2677099 -0.2665204
6 C1' -0.1168554 0.3215517 -0.2355506
7 H1' -0.09648979 0.3135774 -0.1904019
8 C3' -0.2292641 0.3316204 -0.2066558
9 H3' -0.2745531 0.3504585 -0.217369
10 C2' -0.1717335 0.3738436 -0.2351106
11 1H2' -0.1817182 0.3910353 -0.2809827
12 2H2' -0.1603236 0.4121835 -0.2049135

# Format: Order (single/double), from atom index, to atom index
BONDS
1,0,1
1,0,2
1,0,3
1,3,4
1,3,5
1,5,6
1,6,7
1,3,8
1,8,9
1,8,10
1,10,11
1,10,12
1,6,10