0 C5' 0.47461 0.92903 -0.01588
1 1H5' 0.44971 0.88567 -0.01494
2 2H5' 0.52185 0.92115 -0.00244
3 C4' 0.47045 0.96078 -0.08341
4 H4' 0.50065 0.93275 -0.11219
5 O4' 0.40317 0.95675 -0.10840
6 C1' 0.38768 1.01891 -0.13935
7 H1' 0.39895 1.02276 -0.18803
8 C3' 0.49262 1.03317 -0.08830
9 H3' 0.52031 1.05174 -0.05104
10 C2' 0.42541 1.06879 -0.09708
11 1H2' 0.40292 1.07675 -0.05330
12 2H2' 0.43084 1.11257 -0.12112

# Format: Order (single/double), from atom index, to atom index
BONDS
1,0,1
1,0,2
1,0,3
1,3,4
1,3,5
1,5,6
1,6,7
1,3,8
1,8,9
1,8,10
1,10,11
1,10,12
1,6,10
