0 C5' -0.05740 1.75148 0.08860
1 1H5' -0.05087 1.80057 0.08109
2 2H5' -0.08321 1.74443 0.13121
3 C4' -0.09266 1.71942 0.03056
4 H4' -0.13705 1.74269 0.02646
5 O4' -0.05310 1.72859 -0.02740
6 C1' -0.07362 1.67987 -0.07460
7 H1' -0.11279 1.69343 -0.10334
8 C3' -0.10191 1.64518 0.03683
9 H3' -0.07388 1.62369 0.07218
10 C2' -0.08788 1.61833 -0.03268
11 1H2' -0.04822 1.58768 -0.03203
12 2H2' -0.12803 1.59373 -0.05042

# Format: Order (single/double), from atom index, to atom index
BONDS
1,0,1
1,0,2
1,0,3
1,3,4
1,3,5
1,5,6
1,6,7
1,3,8
1,8,9
1,8,10
1,10,11
1,10,12
1,6,10
