0 C5' 0.40831 1.21501 -0.53553
1 1H5' 0.40341 1.17220 -0.51050
2 2H5' 0.43563 1.20759 -0.57719
3 C4' 0.34156 1.24349 -0.55334
4 H4' 0.32034 1.21041 -0.58373
5 O4' 0.30390 1.25126 -0.49334
6 C1' 0.26010 1.30608 -0.50418
7 H1' 0.21971 1.29857 -0.53298
8 C3' 0.34331 1.31216 -0.58549
9 H3' 0.38839 1.32949 -0.59919
10 C2' 0.30882 1.35646 -0.53305
11 1H2' 0.34083 1.37354 -0.49865
12 2H2' 0.28490 1.39501 -0.55436

# Format: Order (single/double), from atom index, to atom index
BONDS
1,0,1
1,0,2
1,0,3
1,3,4
1,3,5
1,5,6
1,6,7
1,3,8
1,8,9
1,8,10
1,10,11
1,10,12
1,6,10
