0 C5' 0.17437 1.35693 -0.68391
1 1H5' 0.17831 1.31724 -0.65417
2 2H5' 0.17231 1.34254 -0.73140
3 C4' 0.11504 1.39802 -0.66565
4 H4' 0.07373 1.37378 -0.68060
5 O4' 0.11594 1.40628 -0.59482
6 C1' 0.08195 1.46702 -0.58138
7 H1' 0.03203 1.46605 -0.58181
8 C3' 0.11744 1.46811 -0.69530
9 H3' 0.15877 1.47851 -0.72222
10 C2' 0.10983 1.51367 -0.63501
11 1H2' 0.15433 1.53276 -0.62095
12 2H2' 0.07827 1.55122 -0.64438

# Format: Order (single/double), from atom index, to atom index
BONDS
1,0,1
1,0,2
1,0,3
1,3,4
1,3,5
1,5,6
1,6,7
1,3,8
1,8,9
1,8,10
1,10,11
1,10,12
1,6,10
