0 C5' -0.05110 1.57548 -0.73254
1 1H5' -0.05507 1.52989 -0.71304
2 2H5' -0.07464 1.57645 -0.77712
3 C4' -0.07895 1.62797 -0.68628
4 H4' -0.12820 1.61922 -0.68615
5 O4' -0.04895 1.61932 -0.62147
6 C1' -0.02437 1.68394 -0.60132
7 H1' -0.05949 1.71009 -0.57757
8 C3' -0.06495 1.70069 -0.70419
9 H3' -0.06356 1.71209 -0.75301
10 C2' -0.00084 1.71423 -0.66605
11 1H2' 0.03858 1.69026 -0.68498
12 2H2' 0.00971 1.76297 -0.66153

# Format: Order (single/double), from atom index, to atom index
BONDS
1,0,1
1,0,2
1,0,3
1,3,4
1,3,5
1,5,6
1,6,7
1,3,8
1,8,9
1,8,10
1,10,11
1,10,12
1,6,10
