0 C5' -0.26660 1.75947 -0.63748
1 1H5' -0.24605 1.71384 -0.63451
2 2H5' -0.31277 1.75579 -0.65689
3 C4' -0.26890 1.79191 -0.56981
4 H4' -0.30493 1.77029 -0.54266
5 O4' -0.20338 1.78272 -0.54333
6 C1' -0.19296 1.83553 -0.49673
7 H1' -0.21454 1.82776 -0.45191
8 C3' -0.28092 1.86787 -0.56954
9 H3' -0.28821 1.88768 -0.61471
10 C2' -0.21968 1.89600 -0.53427
11 1H2' -0.18564 1.91269 -0.56727
12 2H2' -0.23187 1.93241 -0.50267

# Format: Order (single/double), from atom index, to atom index
BONDS
1,0,1
1,0,2
1,0,3
1,3,4
1,3,5
1,5,6
1,6,7
1,3,8
1,8,9
1,8,10
1,10,11
1,10,12
1,6,10
