0 C5' -0.27280 1.56330 -0.02659
1 1H5' -0.26277 1.61151 -0.03360
2 2H5' -0.31308 1.55888 0.00314
3 C4' -0.28458 1.52840 -0.09199
4 H4' -0.32460 1.55129 -0.11117
5 O4' -0.22682 1.53650 -0.13384
6 C1' -0.20222 1.47117 -0.14872
7 H1' -0.21890 1.45386 -0.19295
8 C3' -0.29657 1.45377 -0.08788
9 H3' -0.32511 1.43750 -0.04997
10 C2' -0.22486 1.42860 -0.09039
11 1H2' -0.19953 1.43840 -0.04842
12 2H2' -0.22248 1.37953 -0.10008

# Format: Order (single/double), from atom index, to atom index
BONDS
1,0,1
1,0,2
1,0,3
1,3,4
1,3,5
1,5,6
1,6,7
1,3,8
1,8,9
1,8,10
1,10,11
1,10,12
1,6,10
