0 C5' -0.03915 1.09004 -0.65599
1 1H5' -0.05013 1.13448 -0.63656
2 2H5' -0.03184 1.09459 -0.70524
3 C4' 0.02079 1.05959 -0.62274
4 H4' 0.06027 1.08857 -0.63264
5 O4' 0.00737 1.05621 -0.55323
6 C1' 0.05459 1.01015 -0.52802
7 H1' 0.10160 1.02611 -0.52479
8 C3' 0.03266 0.98747 -0.64310
9 H3' -0.00421 0.96472 -0.66822
10 C2' 0.04832 0.95164 -0.57673
11 1H2' 0.01088 0.92149 -0.56351
12 2H2' 0.09053 0.92582 -0.57949

# Format: Order (single/double), from atom index, to atom index
BONDS
1,0,1
1,0,2
1,0,3
1,3,4
1,3,5
1,5,6
1,6,7
1,3,8
1,8,9
1,8,10
1,10,11
1,10,12
1,6,10
