0 N9 0.2205412 0.8382006 -0.5075614
1 C8 0.1538934 0.8374172 -0.5218514
2 H8 0.1356309 0.8390049 -0.5684289
3 N7 0.1148356 0.8349091 -0.4673494
4 C5 0.1590252 0.8336665 -0.416171
5 C6 0.1462468 0.8305317 -0.3464293
6 O6 0.09259044 0.828142 -0.3170943
7 N1 0.2051414 0.8325159 -0.3106001
8 H1 0.2009192 0.8300254 -0.2605403
9 C2 0.2680852 0.8368607 -0.3355286
10 N2 0.3198978 0.8374669 -0.2913659
11 H21 0.3105285 0.8346349 -0.2421069
12 H22 0.367144 0.8403837 -0.3078213
13 N3 0.2799737 0.839187 -0.4013903
14 C4 0.2234974 0.8372071 -0.4384038
