0 C5' 0.2444896 0.9503344 -0.6921636
1 1H5' 0.22883 0.9901851 -0.6665715
2 2H5' 0.2648561 0.965068 -0.7353883
3 C4' 0.2921342 0.9084952 -0.6518123
4 H4' 0.3369548 0.9302865 -0.6554179
5 O4' 0.2673734 0.9080811 -0.5845742
6 C1' 0.2766508 0.8434051 -0.5563658
7 H1' 0.3204969 0.8346139 -0.5344173
8 C3' 0.2995971 0.8355885 -0.673997
9 H3' 0.2831715 0.8233575 -0.7196189
10 C2' 0.2635682 0.7987165 -0.6168143
11 1H2' 0.2144284 0.7948475 -0.6261852
12 2H2' 0.2827446 0.7531536 -0.6101224

# Format: Order (single/double), from atom index, to atom index
BONDS
1,0,1
1,0,2
1,0,3
1,3,4
1,3,5
1,5,6
1,6,7
1,3,8
1,8,9
1,8,10
1,10,11
1,10,12
1,6,10
