0 N9 0.06853507 0.6861526 -0.08004089
1 C8 0.003921752 0.6866035 -0.1026276
2 H8 -0.0358315 0.6900796 -0.0727471
3 N7 0.0001777439 0.6811912 -0.1689842
4 C5 0.06473777 0.6771138 -0.1885322
5 C6 0.09260859 0.6713641 -0.2540869
6 O6 0.06361025 0.6705014 -0.3086634
7 N1 0.1613443 0.6688268 -0.2518017
8 H1 0.1847751 0.6645674 -0.2953833
9 C2 0.2003577 0.6712767 -0.1964014
10 N2 0.2683868 0.6698973 -0.2050551
11 H21 0.2875048 0.6668838 -0.2511058
12 H22 0.2984441 0.6715142 -0.1654138
13 N3 0.1750237 0.6772314 -0.1353769
14 C4 0.107108 0.6793349 -0.1355669
