0 C5' 0.4689219 0.7453572 -0.5930795
1 1H5' 0.461197 0.7947577 -0.5900947
2 2H5' 0.5122825 0.7367059 -0.6170902
3 C4' 0.4694272 0.7136226 -0.5250288
4 H4' 0.5066236 0.7357677 -0.4994453
5 O4' 0.4065678 0.7251015 -0.4945914
6 C1' 0.3991508 0.6768697 -0.4432014
7 H1' 0.4192074 0.6899863 -0.3988173
8 C3' 0.4780363 0.639044 -0.5254558
9 H3' 0.4706487 0.6175622 -0.5699666
10 C2' 0.4302984 0.6140834 -0.472084
11 1H2' 0.3952347 0.5845073 -0.4922839
12 2H2' 0.4553965 0.5887966 -0.4365465

# Format: Order (single/double), from atom index, to atom index
BONDS
1,0,1
1,0,2
1,0,3
1,3,4
1,3,5
1,5,6
1,6,7
1,3,8
1,8,9
1,8,10
1,10,11
1,10,12
1,6,10