0 N9 0.400507 0.4729002 -0.3468113
1 C8 0.3844922 0.4670732 -0.4131048
2 H8 0.4178273 0.4578821 -0.4489348
3 N7 0.3188823 0.4758254 -0.4243957
4 C5 0.2932595 0.4867208 -0.3633097
5 C6 0.2259632 0.4982743 -0.3434107
6 O6 0.1754075 0.5010206 -0.3786609
7 N1 0.2207569 0.5053194 -0.2754804
8 H1 0.1749533 0.5129924 -0.2575176
9 C2 0.2715605 0.5034214 -0.2300092
10 N2 0.2552644 0.5096961 -0.164461
11 H21 0.2074839 0.5161429 -0.150751
12 H22 0.2912691 0.5082288 -0.1295753
13 N3 0.3348668 0.4931864 -0.2485511
14 C4 0.341502 0.4851391 -0.3146227
