0 N9 0.3667684 0.3155774 -0.2077023
1 C8 0.3995466 0.305992 -0.2672608
2 H8 0.4486304 0.2980794 -0.2709257
3 N7 0.3580129 0.3091347 -0.3203982
4 C5 0.2977269 0.3200371 -0.2925192
5 C6 0.2331322 0.3285669 -0.321794
6 N6 0.2227397 0.326873 -0.3888359
7 H61 0.261365 0.3191976 -0.4199793
8 H62 0.1769583 0.333133 -0.4075677
9 N1 0.1820375 0.3384216 -0.2804271
10 C2 0.19276 0.3404512 -0.2143994
11 H2 0.1517354 0.3481249 -0.186255
12 N3 0.2496658 0.3333933 -0.1809754
13 C4 0.3009035 0.3232181 -0.2243738
