0 C5' 0.5625521 0.3797163 -0.1201095
1 1H5' 0.5623862 0.4255021 -0.1407584
2 2H5' 0.5964926 0.3780591 -0.08373942
3 C4' 0.4948182 0.3609733 -0.09509264
4 H4' 0.48551 0.3914256 -0.05698736
5 O4' 0.4489741 0.3691383 -0.1492026
6 C1' 0.3965581 0.3215354 -0.1400907
7 H1' 0.3612483 0.3332765 -0.1070171
8 C3' 0.4869035 0.2881266 -0.07246641
9 H3' 0.5287941 0.2612512 -0.07020026
10 C2' 0.4359432 0.2596108 -0.1223804
11 1H2' 0.4586424 0.2400907 -0.1628676
12 2H2' 0.4069752 0.2247169 -0.1014396

# Format: Order (single/double), from atom index, to atom index
BONDS
1,0,1
1,0,2
1,0,3
1,3,4
1,3,5
1,5,6
1,6,7
1,3,8
1,8,9
1,8,10
1,10,11
1,10,12
1,6,10