0 C5' -0.07202416 -0.06000507 -0.7637693
1 1H5' -0.05146734 -0.1040335 -0.7519304
2 2H5' -0.1065053 -0.0668948 -0.798952
3 C4' -0.1010073 -0.02693362 -0.7033415
4 H4' -0.1424753 -0.0535168 -0.6933293
5 O4' -0.05533549 -0.03223875 -0.648095
6 C1' -0.05522943 0.03013235 -0.6138703
7 H1' -0.08913915 0.03533434 -0.5773282
8 C3' -0.1201778 0.04611076 -0.7105535
9 H3' -0.1249525 0.06462323 -0.7567595
10 C2' -0.06512885 0.08008738 -0.6695816
11 1H2' -0.02355433 0.08649477 -0.6963398
12 2H2' -0.08033071 0.1245135 -0.6516939

# Format: Order (single/double), from atom index, to atom index
BONDS
1,0,1
1,0,2
1,0,3
1,3,4
1,3,5
1,5,6
1,6,7
1,3,8
1,8,9
1,8,10
1,10,11
1,10,12
1,6,10