0 C5' -0.2429333 0.1015356 -0.5573716
1 1H5' -0.2277404 0.05456464 -0.565998
2 2H5' -0.292728 0.1045481 -0.5617213
3 C4' -0.220734 0.1253158 -0.4897833
4 H4' -0.240203 0.09400708 -0.4561869
5 O4' -0.1490636 0.1237746 -0.4886792
6 C1' -0.130832 0.1695915 -0.4377684
7 H1' -0.1371082 0.1533035 -0.390476
8 C3' -0.2402813 0.1969693 -0.4724357
9 H3' -0.2642539 0.222679 -0.5082068
10 C2' -0.1736808 0.2297892 -0.4549578
11 1H2' -0.15452 0.2549705 -0.4936394
12 2H2' -0.178526 0.2604329 -0.4153379

# Format: Order (single/double), from atom index, to atom index
BONDS
1,0,1
1,0,2
1,0,3
1,3,4
1,3,5
1,5,6
1,6,7
1,3,8
1,8,9
1,8,10
1,10,11
1,10,12
1,6,10