0 N1 -0.05865359 0.1819416 -0.4486652
1 C6 -0.03737851 0.1944972 -0.511788
2 H6 -0.07021812 0.1970981 -0.5497062
3 C5 0.0305335 0.203275 -0.5240214
4 C7 0.05569621 0.2186144 -0.5933398
5 H71 0.1053909 0.2234804 -0.5923322
6 H72 0.04270224 0.1818577 -0.6240212
7 H73 0.03499601 0.2614687 -0.6090646
8 C4 0.07617379 0.1967329 -0.4711663
9 O4 0.1370644 0.2013355 -0.4776974
10 N3 0.05123127 0.1840733 -0.4087776
11 H3 0.08339185 0.1793039 -0.3705649
12 C2 -0.01547293 0.178195 -0.3961781
13 O2 -0.03589455 0.1672297 -0.3389072
