0 C5' 0.04800687 0.5873295 0.1162392
1 1H5' 0.05961431 0.5412365 0.1015611
2 2H5' 0.04620523 0.5886198 0.1666112
3 C4' 0.09698953 0.6380345 0.08978254
4 H4' 0.1394047 0.6279638 0.1142934
5 O4' 0.1030277 0.6288006 0.01868736
6 C1' 0.09398054 0.6936143 -0.01137244
7 H1' 0.1371371 0.7182884 -0.01456535
8 C3' 0.07841425 0.7114787 0.09793239
9 H3' 0.05324867 0.7239601 0.1394795
10 C2' 0.04236591 0.7259194 0.03281532
11 1H2' -0.002037911 0.7034271 0.02966916
12 2H2' 0.03714098 0.7748114 0.02338065

# Format: Order (single/double), from atom index, to atom index
BONDS
1,0,1
1,0,2
1,0,3
1,3,4
1,3,5
1,5,6
1,6,7
1,3,8
1,8,9
1,8,10
1,10,11
1,10,12
1,6,10