0 C5' 0.2883367 0.7633447 0.1404616
1 1H5' 0.2704616 0.7182345 0.1278604
2 2H5' 0.3185205 0.7588438 0.1803387
3 C4' 0.325176 0.7942489 0.08280068
4 H4' 0.3691836 0.7710846 0.07736949
5 O4' 0.2813165 0.786256 0.02719524
6 C1' 0.2973323 0.8383116 -0.01865484
7 H1' 0.338107 0.8290027 -0.04668188
8 C3' 0.338317 0.8698348 0.08816874
9 H3' 0.3227854 0.8904046 0.1308408
10 C2' 0.3038134 0.8988397 0.02689293
11 1H2' 0.258453 0.9171434 0.0384105
12 2H2' 0.3313769 0.9342148 0.005408085

# Format: Order (single/double), from atom index, to atom index
BONDS
1,0,1
1,0,2
1,0,3
1,3,4
1,3,5
1,5,6
1,6,7
1,3,8
1,8,9
1,8,10
1,10,11
1,10,12
1,6,10