0 C5' 0.59163 0.5539674 -0.3847889
1 1H5' 0.581089 0.6025726 -0.3839691
2 2H5' 0.6411938 0.5478278 -0.3904228
3 C4' 0.5680347 0.5201817 -0.3220491
4 H4' 0.5939167 0.5423899 -0.285581
5 O4' 0.4974073 0.5307351 -0.3146564
6 C1' 0.4664578 0.4664255 -0.3137042
7 H1' 0.4582605 0.4496273 -0.2669588
8 C3' 0.5779176 0.4451821 -0.3192436
9 H3' 0.6209853 0.4273376 -0.3377634
10 C2' 0.5136999 0.4220111 -0.3527206
11 1H2' 0.5130222 0.4315898 -0.4017821
12 2H2' 0.5051379 0.3732483 -0.3452612

# Format: Order (single/double), from atom index, to atom index
BONDS
1,0,1
1,0,2
1,0,3
1,3,4
1,3,5
1,5,6
1,6,7
1,3,8
1,8,9
1,8,10
1,10,11
1,10,12
1,6,10