0 C5' -0.1304823 0.3739394 -0.03728854
1 1H5' -0.1204234 0.3337348 -0.06481878
2 2H5' -0.1528743 0.3605162 0.004971574
3 C4' -0.06859516 0.4130089 -0.0237128
4 H4' -0.04109107 0.3879869 0.009983237
5 O4' -0.03377305 0.4197631 -0.08558197
6 C1' 0.004439251 0.4792621 -0.08058759
7 H1' 0.04743144 0.4769567 -0.0552922
8 C3' -0.08306532 0.4837615 0.0004105825
9 H3' -0.1319285 0.4958488 0.003063292
10 C2' -0.04485069 0.5277895 -0.04827133
11 1H2' -0.07573342 0.5477665 -0.08276301
12 2H2' -0.0209155 0.564666 -0.02459165

# Format: Order (single/double), from atom index, to atom index
BONDS
1,0,1
1,0,2
1,0,3
1,3,4
1,3,5
1,5,6
1,6,7
1,3,8
1,8,9
1,8,10
1,10,11
1,10,12
1,6,10
