(0.3, 0.0, 0.0)
(3.4, -0.9, 2.9)
(8.2, 1.8, 7.5)
(6.6, 10.2, 13.5)
(-0.1, 12.6, 18.7)
(-7.0, 10.3, 24.0)
(-9.0, 4.1, 28.1)
(-5.8, -0.2, 31.9)
(-3.6, -1.7, 35.1)
Done

(0.0, 0.0, 0.0)
(5.1, -2.2, 2.9)
(9.9, 0.5, 7.5)
(8.3, 8.9, 13.5)
(1.6, 11.3, 18.7)
(-5.3, 9.0, 24.0)
(-7.3, 2.8, 28.1)
(-4.1, -1.5, 31.9)
(3.8, -3.0, 38.8)
Done

(0.0, 6.1, 0.9)
(5.1, 3.9, 3.8)
(9.9, 6.6, 8.4)
(8.3, 15.0, 14.4)
(1.6, 17.4, 19.6)
(-5.3, 15.1, 24.9)
(-7.3, 10.5, 27.4)
(-4.1, 4.6, 32.8)
(3.8, 3.1, 39.7)
Done

(-4.3, 10.8, 41.9)
(-0.6, 6.3, 45.2)
(4.7, 3.9, 48.5)
(9.8, 5.2, 52.3)
(13.4, 9.0, 56.1)
(15.2, 14.6, 59.7)
(12.8, 20.5, 62.7)
(7.9, 22.8, 65.3)
(1.1, 22.1, 68.9)
(-3.9, 16.7, 73.0)
(-4.3, 10.8, 76.4)
Done






(-3.9, 16.7, 38.5)
(-4.3, 10.8, 41.9)
(-0.6, 6.3, 45.2)
(4.7, 3.9, 48.5)
(9.8, 5.2, 52.3)
(13.4, 9.0, 56.1)
(15.2, 14.6, 59.7)
(12.8, 20.5, 62.7)
(8.4, 22.3, 66.3)
(2.9, 20.6, 71.0)
Done







------------ Matching to BAS and VDW:
(0.0, 6.1, 0.9)
(5.1, 3.9, 3.8)
(9.9, 6.6, 8.4)
(8.3, 15.0, 14.4)
(1.6, 17.4, 19.6)
(-5.3, 15.1, 24.9)
(-7.3, 10.5, 27.4)
(-4.1, 4.6, 32.8)
(3.8, 3.1, 39.7)
Done
