(2.9, 17.6, -61.0)
(1.5, 14.1, -57.2)
(3.2, 6.1, -52.0)
(10.2, 2.8, -46.5)
(15.3, 5.2, -41.6)
(14.7, 12.3, -37.5)
(11.2, 16.1, -33.1)
(6.0, 17.3, -27.9)
(3.7, 17.4, -24.3)
Done

(9.4, 17.9, -62.3)
(4.2, 14.1, -57.2)
(5.9, 6.1, -52.0)
(12.9, 2.8, -46.5)
(18.0, 5.2, -41.6)
(17.4, 12.3, -37.5)
(13.9, 16.1, -33.1)
(8.7, 16.7, -27.9)
(4.5, 15.0, -24.3)
Done

(9.4, 19.5, -63.0)
(5.4, 16.2, -58.9)
(5.9, 7.0, -53.0)
(12.9, 2.8, -46.5)
(18.0, 5.2, -41.6)
(17.4, 12.3, -37.5)
(13.9, 16.1, -33.1)
(8.7, 16.7, -27.9)
(4.6, 16.7, -23.5)
Done


(9.4, 25.6, -62.1)
(5.4, 22.3, -58.0)
(6.2, 13.1, -51.4)
(12.0, 8.6, -46.3)
(18.0, 11.3, -40.7)
(17.4, 18.4, -36.6)
(12.8, 22.2, -32.2)
(8.7, 22.8, -27.0)
(4.6, 22.2, -23.5)
Done

(19.0, 26.5, -9.0)
(12.8, 28.3, -6.0)
(7.7, 26.8, -1.6)
(5.5, 23.1, 3.2)
(5.4, 18.0, 7.8)
(8.1, 14.1, 11.9)
(13.9, 12.0, 14.9)
(22.7, 15.1, 17.3)
(23.6, 22.3, 22.0)
Done


(19.0, 26.5, -9.0)
(11.9, 28.3, -4.3)
(7.1, 26.8, 0.0)
(4.6, 22.3, 3.9)
(5.0, 17.2, 8.1)
(8.1, 13.6, 11.4)
(13.9, 12.0, 14.9)
(22.7, 15.1, 17.3)
(23.6, 22.3, 22.0)
Done









(19.3, 25.8, -7.9)
(12.8, 27.4, -6.0)
(9.1, 27.3, -0.6)
(5.5, 23.1, 3.2)
(5.4, 18.0, 7.8)
(8.1, 14.1, 11.9)
(13.9, 12.0, 15.1)
(20.4, 14.0, 16.3)
(24.3, 19.4, 17.6)
Done






(19.330,  25.770,  -7.930)
(12.760,  27.420,  -5.980)
(9.050,  27.330,  -0.580)
(5.530,  23.070,   3.210)
(5.380,  17.990,   7.820)
(8.080,  14.050,  11.910)
(13.870,  12.010,  15.060)
(20.360,  13.970,  16.250)
(24.250,  19.410,  17.620)
(25.060,  25.620,  19.250)
(22.410,  31.290,  21.480)
Done

(19.3, 25.8, -7.9)
(12.8, 27.4, -6.0)
(9.1, 27.3, -0.6)
(5.5, 23.1, 3.2)
(5.4, 18.0, 7.8)
(8.1, 14.1, 11.9)
(13.9, 12.0, 15.1)
(20.4, 14.0, 16.3)
(24.3, 19.4, 17.6)
Done







