0 N9 0.2375544 0.1544568 -0.1223407
1 C8 0.2987283 0.1420817 -0.1496787
2 H8 0.3406413 0.1345352 -0.1230171
3 N7 0.2977347 0.1407855 -0.2167372
4 C5 0.2330848 0.1530837 -0.2319657
5 C6 0.1990332 0.1606771 -0.2945083
6 N6 0.2315977 0.1567513 -0.3544824
7 H61 0.2811594 0.14833 -0.3556952
8 H62 0.2063255 0.1619797 -0.3972051
9 N1 0.1341272 0.1740663 -0.2929442
10 C2 0.1031926 0.179667 -0.2338579
11 H2 0.05435346 0.1897385 -0.2358082
12 N3 0.1288541 0.1741796 -0.1726074
13 C4 0.1950406 0.1606324 -0.1757794

# Format: Order (single/double), from atom index, to atom index
BONDS
1,0,1
1,1,2
2,1,3
1,3,4
1,4,5
2,4,13
1,5,6
1,6,7
1,6,8
2,5,9
1,9,10
1,10,11
2,10,12
1,12,13
1,0,13