0 N1 0.09341297 0.004760748 -0.1588352
1 C6 0.1539668 -0.01475617 -0.1357414
2 H6 0.1617585 -0.02022514 -0.08670442
3 C5 0.2062353 -0.02672465 -0.1806302
4 C7 0.2737241 -0.04910612 -0.1549966
5 H71 0.3048176 -0.0551035 -0.1937034
6 H72 0.2921368 -0.0146699 -0.1238138
7 H73 0.268452 -0.09257416 -0.1306659
8 C4 0.1954152 -0.01709932 -0.2485035
9 O4 0.239495 -0.02278987 -0.2915133
10 N3 0.1327344 0.001248636 -0.2689781
11 H3 0.124334 0.007286222 -0.3177786
12 C2 0.08124203 0.01180703 -0.2250429
13 O2 0.02476349 0.02818233 -0.2448929

# Format: Order (single/double), from atom index, to atom index
BONDS
1,0,1
1,1,2
2,1,3
1,3,4
1,4,5
1,4,6
1,4,7
1,3,8
2,8,9
1,8,10
1,10,11
1,10,12
2,12,13
1,0,12