0 N1 0.01546082 0.4949163 -0.1521817
1 C6 -0.03860765 0.5050538 -0.1920449
2 H6 -0.08470182 0.5058153 -0.1730121
3 C5 -0.027753 0.5134732 -0.2604174
4 H5 -0.06600386 0.5216474 -0.2918428
5 C4 0.03769694 0.5102046 -0.2838455
6 N4 0.0489351 0.5158991 -0.3510226
7 H41 0.01009251 0.522363 -0.3819737
8 H42 0.09532042 0.513973 -0.3686206
9 N3 0.0890926 0.5004458 -0.2422611
10 C2 0.07845595 0.4924247 -0.1763974
11 O2 0.1245178 0.4816685 -0.136631

# Format: Order (single/double), from atom index, to atom index
BONDS
1,0,1
1,1,2
2,1,3
1,3,4
1,3,5
1,5,6
1,6,7
1,6,8
2,5,9
1,9,10
2,10,11
1,0,10