0 N1 0.10856 1.48342 -0.51418
1 C6 0.17556 1.49191 -0.50682
2 H6 0.20601 1.49100 -0.54631
3 C5 0.20051 1.50105 -0.44234
4 H5 0.24954 1.50808 -0.43436
5 C4 0.15543 1.50014 -0.38933
6 N4 0.17937 1.50657 -0.32564
7 H41 0.22864 1.51186 -0.31832
8 H42 0.14793 1.50632 -0.28722
9 N3 0.08989 1.49192 -0.39953
10 C2 0.06602 1.48320 -0.46173
11 O2 0.00599 1.47382 -0.47299

# Format: Order (single/double), from atom index, to atom index
BONDS
1,0,1
1,1,2
2,1,3
1,3,4
1,3,5
1,5,6
1,6,7
1,6,8
2,5,9
1,9,10
2,10,11
1,0,10
