0 N9 0.03174 1.67597 -0.55435
1 C8 0.09899 1.67434 -0.56700
2 H8 0.11860 1.67630 -0.61279
3 N7 0.13521 1.66915 -0.51125
4 C5 0.08893 1.66738 -0.46203
5 C6 0.09736 1.66292 -0.39121
6 O6 0.14969 1.66136 -0.35836
7 N1 0.03661 1.66272 -0.35886
8 H1 0.03795 1.65949 -0.30932
9 C2 -0.02476 1.66621 -0.38746
10 N2 -0.07940 1.66720 -0.34601
11 H21 -0.07306 1.66508 -0.29651
12 H22 -0.12518 1.66963 -0.36541
13 N3 -0.03311 1.67098 -0.45311
14 C4 0.02586 1.67076 -0.48685

# Format: Order (single/double), from atom index, to atom index
BONDS
1,0,1
1,1,2
2,1,3
1,3,4
1,4,5
2,4,14
2,5,6
1,5,7
1,7,8
1,7,9
1,9,10
1,10,11
1,10,12
2,9,13
1,13,14
1,0,14
