0 N9 -0.10787 1.15058 -0.42196
1 C8 -0.14755 1.14044 -0.36750
2 H8 -0.19736 1.13419 -0.36954
3 N7 -0.11325 1.13946 -0.30986
4 C5 -0.04933 1.14963 -0.32916
5 C6 0.01159 1.15638 -0.29211
6 N6 0.01321 1.15388 -0.22382
7 H61 -0.02934 1.14716 -0.19787
8 H62 0.05656 1.15847 -0.19951
9 N1 0.06738 1.16754 -0.32612
10 C2 0.06484 1.17177 -0.39287
11 H2 0.10839 1.18018 -0.41575
12 N3 0.01190 1.16685 -0.43303
13 C4 -0.04421 1.15558 -0.39699

# Format: Order (single/double), from atom index, to atom index
BONDS
1,0,1
1,1,2
2,1,3
1,3,4
1,4,5
2,4,13
1,5,6
1,6,7
1,6,8
2,5,9
1,9,10
1,10,11
2,10,12
1,12,13
1,0,13
