0 N1 0.03115 0.99625 -0.45899
1 C6 -0.03335 0.97869 -0.44838
2 H6 -0.06472 0.97323 -0.48687
3 C5 -0.05654 0.96874 -0.38316
4 C7 -0.12839 0.94854 -0.37124
5 H71 -0.13616 0.94381 -0.32207
6 H72 -0.15897 0.98342 -0.38982
7 H73 -0.13714 0.90479 -0.39402
8 C4 -0.01303 0.97835 -0.32995
9 O4 -0.02990 0.97439 -0.27058
10 N3 0.05197 0.99465 -0.34386
11 H3 0.08377 1.00065 -0.30589
12 C2 0.07493 1.00322 -0.40784
13 O2 0.13419 1.01776 -0.41915

# Format: Order (single/double), from atom index, to atom index
BONDS
1,0,1
1,1,2
2,1,3
1,3,4
1,4,5
1,4,6
1,4,7
1,3,8
2,8,9
1,8,10
1,10,11
1,10,12
2,12,13
1,0,12
