0 N1 0.3262296 0.6679535 -0.4392979
1 C6 0.2913613 0.6636043 -0.4974296
2 H6 0.3148452 0.6643608 -0.5413064
3 C5 0.2224202 0.6574064 -0.494044
4 H5 0.1944318 0.6539609 -0.5355894
5 C4 0.1925436 0.6563929 -0.4311324
6 N4 0.1241142 0.653205 -0.4273241
7 H41 0.09680486 0.651928 -0.4691639
8 H42 0.1016927 0.6518924 -0.3825464
9 N3 0.228593 0.6603864 -0.3754458
10 C2 0.2957125 0.6662716 -0.3785411
11 O2 0.3306312 0.6703658 -0.3281187

# Format: Order (single/double), from atom index, to atom index
BONDS
1,0,1
1,1,2
2,1,3
1,3,4
1,3,5
1,5,6
1,6,7
1,6,8
2,5,9
1,9,10
2,10,11
1,0,10