# Guanine coordinate file. Aligned to match backboneBase coordinates when instantiated. 
1    N9	-0.02743    0.15493 -0.09642
2    C8	-0.04594    0.13203 -0.15812
3    N7	-0.06202    0.18121 -0.20079
4    C5	-0.05304    0.23734 -0.16459
5    C6	-0.06291    0.30506 -0.18400
6    O6	-0.08188    0.32718 -0.23811
7    N1	-0.04693    0.34814 -0.13311
8    C2	-0.02411    0.33142 -0.07106
9    N2	-0.01135    0.38218 -0.02739
10    N3	-0.01524    0.26789 -0.05286
11    C4	-0.03067    0.22372 -0.10170

# Format: Order (single/double), from atom index, to atom index
BONDS
1,1,2
2,2,3
1,3,4
1,4,5
2,5,6
1,5,7
1,7,8
1,8,9
2,8,10
1,10,11
2,11,4
1,11,1